19
953 190
2295 32316 18302 33393 23556 55487 32206 50507 67832 27148 66755 47996 25435 63103 69271 73962 88554 64010 59445 94979 31786 6391 19822 88708 99485 21445 55601 2984 46865 66247 38132 19783 30327 47330 43896 74716 13634 47408 60267 70272 45774 63293 55977 78158 70529 62298 3456 10207 27913 42198 55789 24500 93990 98126 20394 51818 76576 50895 73458 67713 65213 66916 39262 68494 4147 15714 76296 57355 76374 83137 17159 83780 32539 3939 38151 13459 2036 70486 70758 39962 24072 17045 26736 21735 82581 74231 73288 64468 75881 64885 87950 53644 18103 82146 38839 88198 84438 94227 88761 2513 44348 36627 8634 55507 9137 39748 41533 85242 19798 54829 12507 27523 26756 37647 28910 47822 16222 9174 93795 74371 42872 92569 98933 96114 8016 97806 90924 87078 60887 22417 89077 20172 66694 23102 16875 81608 42078 16386 51972 52672 5062 11370 79546 21409 97036 87899 61767 95522 83871 33325 24597 97253 52783 18549 5579 23114 22368 20969 83975 10609 94356 32717 78340 35682 63762 18487 19888 97863 57927 71446 14529 14621 67907 42369 2441 53551 36725 94514 4414 68927 85413 43142 82362 61085 78492 20509 18717 27866 47935 43189 
277 180
24983 92981 26101 99787 95150 58155 12382 95753 80708 57082 14945 42345 97701 51049 23843 98212 26668 21129 58755 22947 20565 72959 65972 85770 9305 30135 80219 82521 41440 49576 77367 58547 18028 92338 95140 67923 34459 49626 91453 27234 19100 80762 47408 71323 10357 85931 9513 26242 8655 366 45942 44684 532 91163 85411 58290 31404 31789 60922 76296 36807 97311 57079 81570 24655 70907 80014 68961 71376 89860 48789 4916 51766 27026 59667 51138 15093 6590 47339 6074 46546 60283 87584 97429 20720 42794 24020 58727 97668 82593 60041 68928 87007 57902 84588 69116 14158 78668 47910 26708 12829 87244 94214 53803 45603 62333 74144 78723 73182 33839 15664 23005 9006 60263 84522 49708 9052 83026 47771 53486 8840 59565 75372 71147 45866 43365 9169 12128 73558 87652 11917 30386 91495 38729 94999 21871 20754 67927 73389 34828 13226 77629 25447 76740 56890 65277 55194 91648 82560 55318 42972 99046 86561 10706 25124 66211 27735 66669 74771 99524 73552 59064 76541 1646 80778 99286 63879 33931 54500 19264 95082 72232 55466 72450 52775 8280 67591 66504 49960 2174 
458 170
72093 42797 7306 576 56977 1720 51044 96092 90938 11117 60758 10255 24418 43262 86784 28920 87544 11336 82611 51923 76403 54707 71306 6533 52563 24366 73950 52713 97986 97674 22455 83171 44828 15034 61067 33111 73411 7840 21292 90620 60843 94796 7956 98856 5739 66424 51369 83462 17819 61999 99468 33240 80599 77479 83474 3981 72210 78521 42434 58962 84843 62069 55356 87945 80677 59776 88421 37292 86122 37950 59389 3265 47291 9891 57920 15941 14493 14049 63811 88934 91671 54360 34019 51168 32498 33701 89727 41643 87822 90433 14836 33691 495 72041 69896 33275 34812 99182 34878 70785 77532 55507 19211 26096 7995 73673 11380 32361 78901 12440 38400 35291 33194 79191 25718 10202 91553 34000 3171 93819 20301 88090 87652 20 10944 48130 68774 29178 49198 26075 55670 89037 54747 82202 79181 4151 45890 21519 43105 93570 24456 45460 97977 63838 42157 60317 60142 76206 39479 30723 77256 98944 46279 92801 1166 43459 6919 91577 97797 32324 47453 66566 77608 43757 21063 6200 13539 34732 68049 30445 
719 160
66296 67023 37681 89328 46019 63529 2938 39957 52232 53602 35398 22957 6730 55833 15720 19822 59263 28875 9063 57907 93222 17476 13179 88894 41317 80804 17726 81020 11675 11463 98366 59326 33983 88170 42128 21731 73556 30435 77148 75419 95677 31114 70355 69400 12462 33764 64811 79930 33554 43733 58364 2649 70558 29644 35867 70164 55356 51869 62142 47088 51766 5595 44429 56257 11126 68867 27355 59389 66093 95043 44936 26224 70239 46674 59690 63864 29323 27587 31385 68535 45731 43008 87007 82146 47346 82931 96347 52994 3725 85872 81743 7258 65117 2334 87244 65222 73961 56194 25117 67101 23005 10302 18671 6299 86630 73164 92773 9032 17385 78370 19392 47822 39026 8241 50948 21534 85951 94880 35946 53595 67335 22589 86715 68376 68276 40800 6118 90298 93360 56780 74889 33097 26997 57864 29614 95621 85535 92628 92752 11681 14723 58856 58980 76109 21743 76886 53866 88517 58197 80570 81459 87643 1689 79989 45460 76400 29872 10341 36667 33933 
414 150
13284 20221 16566 67306 40163 27711 9292 52816 26133 77705 80385 7586 75951 22991 36696 45106 62859 90287 42641 31144 88981 46376 87038 11441 9443 4947 18576 67493 75919 40724 26207 13201 94522 74298 34346 32714 49626 38993 28182 79280 73363 64449 47538 9016 43797 33718 93085 71433 31366 79046 23731 39985 98942 62860 78393 86592 32170 75180 21910 10766 16690 20543 94818 73521 27887 84077 48789 41677 77263 37384 63774 59708 817 74755 32321 74179 70799 63659 28077 14493 97756 28699 83438 63207 3597 5018 35495 31810 36686 79637 90713 86700 19435 46443 23551 22259 7683 36627 52199 42857 44195 62252 64102 31712 21282 58454 85101 82371 48818 45394 65891 97758 34427 48281 45270 71728 24777 35158 65216 29182 64797 89077 81318 3211 45962 57577 33941 16882 33614 21280 78061 46724 82238 95543 73323 42299 95910 34030 17865 37056 92299 46754 48274 82121 72274 20687 60659 65241 93991 6178 
698 140
74568 73532 82685 60758 49777 40372 75075 93172 75160 60273 75469 14945 75877 17367 90595 74348 64252 20165 51682 39007 8640 68001 3609 25422 74042 2714 16737 3500 38134 89165 8552 43922 93832 78192 82955 80654 3633 73411 25939 20059 3893 65152 11997 95002 54439 70086 88566 20446 58743 97217 7724 70259 36923 72940 19910 6321 27660 66956 4179 34051 62529 54121 52649 13405 22267 84261 85211 94911 34820 74158 78855 62760 2974 70220 40088 46841 24358 48141 169 30340 81514 79760 84015 29473 53370 57975 48788 75716 83104 24055 48869 20872 81494 22653 87451 58570 90320 19798 12451 98883 43213 35267 53807 53076 51416 63485 30648 64797 66432 65863 75635 34439 58890 46724 21234 81257 80985 48850 60307 22598 67221 94335 20028 82095 19898 79620 86366 80570 64147 13607 98462 64628 67557 62534 40123 35002 97199 79370 24987 27147 
418 130
16566 44905 90596 47418 52754 48241 52816 54886 59762 5755 33164 48319 26167 88647 19849 68221 50268 61691 48070 83171 7589 77684 95418 60799 78154 58843 23826 57210 31577 42802 90794 47828 54924 88486 75419 29534 19045 45038 22671 24968 13282 24676 8308 84465 50228 18783 89981 53801 79644 21468 74280 58643 35867 77337 32914 21673 65515 18698 21327 10727 28651 32298 7890 30995 50961 68154 95577 71412 95128 37305 77979 42571 29064 83957 40579 4713 8324 6299 76560 67752 99466 48545 59565 15600 28822 16805 24940 3194 20301 94327 68464 6396 1727 69623 57535 37034 97541 94055 26777 40507 34399 57041 16555 49782 85917 74458 36006 43500 99230 3650 61224 8871 81307 95657 40617 71398 43946 8975 39161 95835 65277 44474 51185 51197 12096 2919 37392 14928 59048 8311 
942 120
74501 85842 36476 67314 48688 19039 31676 24021 48614 75075 95790 60758 1667 6951 86869 90738 92428 829 77011 67499 95775 87306 30934 69371 60396 6033 36907 40419 43540 66486 64940 63183 25936 69400 91811 47506 53737 14977 95002 54292 45038 51098 28978 90171 12199 86107 41743 97717 60960 90572 83319 49401 18544 46783 9285 60340 76 67725 70206 3407 92772 70726 989 72946 69111 23548 57921 74882 87345 60675 51476 65333 46449 75956 46856 29200 39378 41082 36542 62894 18575 687 56919 8026 52965 6529 58484 46078 78901 95251 33547 62689 32389 64836 22717 6548 75813 34846 9169 19761 78304 30036 879 857 55831 58328 54199 24425 74418 97776 62701 78903 82078 79231 17865 10541 77676 24853 91517 88050 
941 110
99878 43507 50289 65036 25435 9444 75251 34983 47363 32674 33763 41327 54045 44350 78011 57907 83453 61705 89702 94308 25066 5477 77244 56821 45869 89945 84312 27721 51553 80891 41274 17562 23065 92768 43422 57210 69277 42367 36759 13664 18713 2260 6841 34605 798 75854 54282 79046 28053 14 36822 65168 63380 42378 45621 8678 84547 34466 85618 70685 34051 24328 70026 1713 48349 78496 83574 41180 80911 75256 9369 83819 11585 78801 77876 81264 84857 41998 21265 30420 56859 43018 90727 39306 93293 48724 9348 78858 90552 40314 18248 14836 29923 10632 95566 79080 36352 84791 21166 3698 55885 19047 39082 77713 60717 3867 56326 57083 19761 25749 
843 100
92358 44325 4461 35187 56785 80385 81682 83130 42401 10566 14226 71037 18210 11336 33882 99608 79550 74610 17973 9305 9809 49698 4396 48289 34659 15659 78172 84726 2233 57217 36798 5264 36889 96082 79325 38156 72217 96656 56714 20726 23815 20268 44658 24076 21352 96527 92839 2883 64947 51963 86552 77196 34079 98906 36875 26811 60143 81409 87443 35393 50222 96060 62016 34568 40798 30416 20669 27582 48441 26881 11585 62543 74800 81569 31218 26904 1151 86377 84629 19314 9785 56665 2639 70565 71544 90151 33538 20201 86386 11034 76560 64405 6527 27821 58079 93045 76543 16188 19523 60301 
345 90
27618 97134 91656 20221 99743 28809 98420 86601 63072 88020 98281 77011 68570 40500 16381 62184 4238 50909 4967 79350 58839 74412 30227 85407 17694 83731 57856 81066 71393 26285 66424 47473 51444 54246 35505 74395 81570 50448 77890 58402 88662 5915 38102 72556 6309 80323 36830 71168 76574 58577 68466 45074 68201 3567 41495 46985 6823 31465 43490 69141 60240 52648 12067 5253 2334 5410 29064 88034 7543 73101 43689 65266 4713 62294 63044 10360 25167 5840 57434 68962 52395 43722 59486 94161 65804 87734 95543 56215 89940 26088 
206 80
94541 21891 72857 82017 47334 86788 6358 77309 85087 54681 10948 92264 76333 8590 36532 19849 41317 49690 8248 75021 19297 19491 86360 49761 26439 77684 35150 36889 1825 21500 79459 99896 47506 80177 13443 24968 24076 43735 41621 77775 78032 71562 2883 51952 42494 7337 48894 70317 41202 69842 14102 23047 21810 95822 55987 51399 39444 12115 77113 55451 80811 71009 35270 45474 57246 87130 62882 64423 83168 76906 7121 1169 95976 33701 7258 92317 70767 76154 7096 94767 
826 70
95675 14716 67354 96883 47996 65036 81419 16971 15873 70156 46418 86350 6391 74348 95465 18556 74820 57526 40398 72068 43247 13161 12020 32628 95677 55789 54413 54292 52401 6380 53737 29625 4225 27416 22111 96434 56708 38601 63391 82750 42084 34801 22817 78313 31286 37884 82829 62127 4529 63929 82593 25642 65985 73792 2369 96110 2754 68419 52675 20586 42249 92386 31907 71807 29064 28846 38818 29307 41509 53468 
641 60
29914 11658 53941 38493 35830 76333 41612 57907 2670 34930 75741 59326 70700 42961 37450 37769 83515 21461 44116 85961 43155 90620 1116 83389 42141 27465 27634 47594 65211 22592 82077 17225 44013 27660 92772 26496 66654 34237 55987 74755 20176 71530 99038 20217 82593 5146 11310 65598 11274 43410 55920 23192 93884 13130 53669 4052 80174 11584 88615 23567 
997 50
93375 80707 20500 50525 61192 20198 86784 7586 32146 19927 16127 37957 86350 23813 88020 57108 72680 93333 67337 91065 11966 89200 16072 20671 25651 48348 62457 40419 24296 61443 10745 30435 10094 45942 86901 71433 19912 4231 29239 99468 77108 34227 84258 68540 17134 66915 56937 30114 14608 6553 
741 40
24131 35364 15899 87818 2310 49027 33121 85433 64010 18683 22957 17765 75924 32698 5376 4682 80962 76183 49481 78195 37514 13498 67579 40562 21767 83407 63682 90009 35942 38676 77157 69541 78612 94974 59371 21257 69761 66719 88771 4842 
319 30
72069 47418 10314 2880 40628 75409 63288 31615 60886 64429 68394 43326 70792 32283 72043 85961 59414 52664 44455 64710 17290 12443 73283 96957 6921 58318 42341 60901 53213 57920 
331 20
65470 19571 6730 26863 18453 97734 13418 35388 56065 4874 32368 27342 87306 42793 65853 79767 16637 8480 52580 45748 
763 10
85958 72830 76722 73729 34982 49226 84152 57563 17594 45106 
