195
6889 11
41913 31283 39932 85166 1565 14060 64229 43216 21992 74266 61035 
8481 13
15205 54288 93926 21262 40284 74508 29950 39605 78581 32385 56469 18095 14760 
6484 19
73073 64720 22878 37335 6410 39787 66040 91647 53319 70009 3922 50057 26862 5028 86189 87186 30527 2347 65804 
1565 17
60497 21345 34472 94823 61342 97056 85015 96150 29635 71487 32549 91398 82383 19907 52008 72597 5130 
4050 15
83475 84399 76205 2365 51139 80152 24550 90721 6779 40367 3993 29147 20393 91576 63197 
691 12
65180 43922 92213 74961 91267 63462 98393 62580 4615 47229 14374 40928 
4305 17
98748 2042 10557 30608 36833 73279 93494 7382 37091 41548 72459 61465 56276 30300 23700 54618 87165 
1258 16
75388 31391 92143 77622 63087 55175 44912 43769 54565 37182 33282 16912 53258 10821 22796 30603 
736 16
80486 89382 15321 76784 76582 52536 46878 13549 10445 34748 77280 35901 7876 34902 41885 39795 
5366 15
41903 9101 23 14039 65998 76090 3052 33161 38705 78173 76361 57030 66142 16062 12311 
2359 15
9508 55889 14067 60259 78319 30503 98686 63497 83803 19053 20678 28632 12451 52615 85810 
3197 20
15294 44100 59670 1864 15359 82717 46959 14783 50515 85980 57086 14134 99941 42164 15037 37650 60699 30375 43206 56321 
7230 10
33122 831 50092 99851 46702 3440 74587 15791 98297 84410 
5176 14
52434 21017 74963 66956 96660 6053 37236 73128 89898 69530 54840 93238 39477 2619 
3473 15
34460 58628 74712 28388 97635 32208 16736 23666 89557 69252 29757 95151 56850 87775 2789 
8982 16
59681 66278 22153 5325 61247 20310 47826 76643 64244 86490 87726 39197 79323 80064 89082 60915 
7443 18
63505 83278 88142 71216 74620 82648 73330 84486 81096 47525 34858 37533 93155 91495 80230 12831 25197 28581 
9802 18
26401 23650 72406 27461 92855 88568 40515 93802 58827 69765 94219 5178 65730 59626 51137 66206 23443 8000 
6054 10
4824 58795 69265 4114 19734 63110 15284 56202 52082 61539 
1624 17
2938 63294 30109 68449 32535 26050 29729 76794 89859 5241 86113 63994 32927 32871 84538 743 4301 
4929 15
28760 78461 15714 13389 91211 11154 46545 90238 34382 51321 89423 57333 2366 41249 46095 
39 10
80241 70955 6160 40361 75554 52877 51883 83488 42324 81581 
8421 16
15046 24409 2138 12522 47716 76651 27724 44412 35124 11207 17067 48163 71667 84434 70429 28000 
7247 15
92681 73981 29990 25607 46347 50197 8212 66866 77831 88480 65784 16675 9930 34860 90905 
9111 14
36017 32165 1382 17919 78449 2934 42938 95161 74859 22564 67954 78660 82988 81928 
3265 10
93217 65574 39092 9498 47961 37816 71343 66478 75728 48133 
2479 13
51950 11463 5426 37708 7890 21529 44804 98443 85948 71382 5315 786 65715 
8145 12
95817 27034 54417 4114 64541 61651 71242 40138 57331 53489 31942 13379 
1100 14
30448 46919 97044 67422 66223 64213 1529 92208 28731 36353 71565 37118 36572 72586 
5642 12
93260 94043 35781 48781 72079 8433 14285 49797 12160 61093 79255 66818 
3507 10
1983 45935 78255 90321 39656 49256 12840 28944 55491 38983 
7858 19
69463 1506 14445 17015 45996 10974 68147 535 86204 42698 92902 34292 73038 56276 60038 23383 98647 3255 33094 
6440 11
67787 91711 22079 63988 90470 13062 95875 52695 51180 67027 55148 
4887 18
52827 8975 90160 92588 13826 90046 18565 9920 47992 83777 68825 14224 43310 97270 23934 12540 34090 31979 
7768 12
51505 25996 82752 12495 10395 51923 22288 49187 55571 77604 40128 81196 
259 13
37857 71112 71756 30951 92725 39331 38223 42683 53593 55838 27854 55766 20666 
3615 17
96377 51367 95815 66594 67299 76189 51512 43477 78500 66548 18713 55714 28864 42881 20655 19389 5545 
6949 14
37657 69979 50332 89915 18309 24162 74230 44598 47627 19600 39076 84268 88709 87389 
2522 10
2737 21520 48114 57816 29387 54044 22330 46625 87932 92164 
2596 18
7317 89768 13673 27348 39432 81132 77235 62448 55132 61967 85984 92388 99555 99463 76435 34838 8770 27542 
8430 20
39698 59317 10110 73818 4944 4163 35641 83615 19526 309 2840 25295 93758 76893 93468 73008 25098 47508 15640 10029 
3654 18
41723 86185 40369 93975 41612 42499 29744 29961 55971 29642 24886 25653 2604 99153 16099 48247 26992 46833 
3972 19
62185 67774 22143 26066 54647 89986 87764 36884 64635 15075 24945 34023 79399 16312 2626 99574 90010 8625 27483 
945 16
70182 59483 64662 61938 33554 99617 54232 15560 17173 33302 62066 79334 73256 19221 46515 92601 
8588 18
59239 74836 6973 31474 51264 45605 63100 10886 73515 36090 24108 85032 76431 23884 60436 38465 1795 57174 
1013 20
78045 91133 74588 9821 29253 91386 48286 41999 79547 97815 66255 11233 94765 89238 70292 23742 7462 42144 9411 94464 
9253 14
54259 95345 14647 17092 5106 87525 13537 23985 30728 43961 74767 95599 61642 51528 
7145 15
38716 73979 32296 92501 96260 95499 8579 32585 55656 6198 80802 83755 2530 54829 55924 
9393 12
43828 9042 61525 30580 93279 67869 83666 5032 4559 85006 44869 88243 
4472 12
11639 22 68847 35070 77229 24982 44076 74212 96709 91501 6311 13360 
9034 15
19684 212 97524 96926 30314 16033 60973 69538 95006 62849 15695 78816 7348 56613 13971 
479 13
65438 31568 15780 13011 90023 95650 70053 77731 9176 95716 4191 98692 15992 
9387 13
70954 5998 24578 98500 36599 84936 23480 34794 95692 67094 68533 64317 12125 
8149 10
16863 79950 87508 71560 59349 39297 11281 46288 42728 88199 
9346 18
67122 13878 38112 55801 22483 47973 24251 5071 97854 42187 38027 38133 77727 79705 26084 18328 98436 71159 
7967 17
87274 43138 30594 96830 20191 59764 76043 71696 70732 85309 40555 81258 81907 82680 3249 58473 48520 
4969 18
45099 15025 820 72309 64494 58608 45411 23389 3051 85793 93377 41159 33253 37764 47697 17296 20935 60213 
257 12
40565 7848 48541 46943 30468 23752 43841 35009 50651 88115 10011 47090 
8489 11
69808 37559 99322 29585 49753 619 45038 80332 64277 99879 67371 
6370 20
33734 88380 46583 427 32239 37690 34253 18097 91160 32566 93433 94898 93870 3501 84683 48312 43840 60385 40362 25601 
733 19
74547 79180 92724 39705 55817 92955 86454 49094 67770 13284 65928 10133 76251 80266 83833 95415 66261 27665 5837 
9079 11
82666 77286 42730 56335 76617 52028 13032 70917 88239 11428 14154 
3805 11
41775 94908 4288 75208 95086 68320 86504 15705 76006 19721 75767 
3314 12
58150 6558 48445 28914 51704 72626 55355 36717 95223 57376 34235 1138 
8991 13
62875 73181 28456 8379 28503 57979 39100 91112 40271 19428 83147 87425 13404 
505 13
36162 65276 53843 78255 67860 49724 31996 79260 6284 14468 65045 92748 16898 
9334 10
41191 39422 8504 41405 73786 25854 94010 17169 36703 79831 
2902 10
55922 20206 5862 91783 93066 65575 55402 71078 51479 96031 
4741 14
60103 88558 56904 7262 14982 46894 79541 30807 40058 11211 68621 77687 79975 29095 
9636 19
66300 13836 94382 22875 97065 45399 81091 8473 11817 26596 14039 3261 85429 52435 74739 7273 4076 27211 77358 
1583 12
51661 3175 71362 55081 83788 70635 83539 61582 50676 11536 35160 41484 
1661 20
24511 85544 148 52131 38934 31834 63329 54200 78657 11558 39745 99581 61243 51298 24792 88907 35534 41620 75322 86486 
4361 16
82007 97445 75495 73858 6334 5945 67039 61881 45126 62677 55859 29149 40783 19637 95182 2489 
4956 15
86257 75491 45603 25026 1451 33710 9956 70623 82711 82974 97563 81341 78203 22122 1226 
4034 15
59228 31184 96419 39123 88186 52976 78699 98293 82645 70081 132 46410 9629 69135 41208 
1334 20
8339 18461 22186 45848 83091 69265 5880 41435 27934 63640 55424 15579 95044 26470 61348 56533 6596 40785 90367 90521 
2493 20
33551 79579 4729 43399 39918 33432 63953 32355 74389 48818 42085 15829 40108 95617 35806 8519 57871 76814 83473 58246 
5974 11
38978 49233 98932 75206 81565 84033 71643 64753 27183 21201 99226 
1278 16
43545 74072 22413 38345 75121 10390 43818 4172 68240 33952 53810 15697 90349 87590 74377 13477 
695 15
54327 80744 39476 8590 18673 89031 86735 49535 13689 80669 40514 36800 3052 79284 43858 
5669 16
85991 34455 29076 15583 45791 10744 89405 13126 76219 2697 33521 53744 45456 28852 80488 75412 
1330 17
76447 2307 70520 46924 69719 2308 8073 89557 18116 57147 49122 69004 77326 51819 64102 35564 76990 
9564 17
78145 39193 32607 38194 65091 4400 3879 47827 70424 56167 77329 94564 87438 92259 89514 36491 69604 
2102 20
31450 75745 73994 74193 59676 952 30302 55439 3797 58764 88831 30351 93534 6881 77765 34956 75694 51580 74421 94018 
9195 18
92351 39326 8936 47797 24971 53545 4103 4481 95438 7831 14672 6779 49958 18463 60758 78588 29364 46851 
1956 12
90219 62435 73465 9025 28918 78698 91559 29976 24559 92604 58947 43173 
4856 19
32873 52296 24690 32158 67208 59925 64631 25103 6048 64511 49228 98471 80444 68185 35274 44805 47955 29110 12493 
935 14
72928 4926 36374 75066 63191 84411 2356 77101 77001 7259 3125 41147 22181 86976 
4886 17
59504 80794 35829 55519 41894 30403 18877 94582 73240 94704 75454 33761 59510 98274 39548 24294 87883 
9511 17
82199 89210 70245 60523 44859 629 26956 19134 52399 83569 96099 1474 9748 90779 7707 50865 20755 
3889 17
96883 88838 52778 89650 89230 26768 57568 75642 46887 62618 89417 3376 89443 35563 75888 35015 44863 
411 15
9068 71621 45593 57859 72666 26650 51259 93165 9205 25443 97204 23144 15717 10414 98201 
2793 14
13673 63270 50709 37714 45014 36351 84428 13846 69995 76657 5987 40304 85451 90666 
5340 13
99852 32801 32426 13309 24410 11811 79681 77868 44919 36370 39074 20765 82085 
8092 15
58090 11455 61992 46028 51726 55335 36132 77723 43953 27702 58423 25584 55186 73349 54982 
3162 17
45853 57718 37771 15787 26920 7200 44136 38786 94050 36009 56030 48889 90027 92112 40323 50177 46635 
5688 14
73019 29777 66610 52494 46876 68739 64009 48213 56582 68243 41798 88686 41084 15085 
8393 14
98670 89010 32617 92770 86519 60975 89016 73263 8067 2645 73093 26685 59992 18672 
9300 17
23942 28480 6054 84551 66845 47429 19935 92744 18808 28608 1 21273 52207 76459 73913 87946 4306 
9662 13
5228 53168 88318 36408 56455 72428 18955 45215 29218 60628 40525 52954 96582 
6565 19
32342 66750 48195 15993 89031 17314 48161 53496 10376 73389 77887 90614 85793 58096 5603 41172 49364 76267 85738 
1762 16
32857 35379 9439 6130 55553 4964 60651 4231 37863 63216 19368 74665 2787 36263 9533 96572 
4411 13
17257 26302 41736 63625 24844 8582 43652 92559 24141 72159 2758 40128 78071 
7689 14
22566 23385 99584 86546 55468 34489 74285 52913 21524 30886 83898 32101 97773 55171 
6791 17
37712 60863 12022 88100 21526 87822 91933 27579 10604 78011 86428 97398 46494 98665 48494 55301 4438 
3908 18
89210 48145 86205 39468 40974 94849 60338 61050 2167 61286 78872 88757 27182 68934 881 10345 16261 16657 
6381 16
26747 73413 94960 16874 46496 34111 83043 48727 16067 49932 14085 5323 61493 17397 82883 88284 
8251 14
63811 2835 23215 4506 99394 3265 71529 89828 19292 49236 34249 68052 95246 2243 
7489 14
86708 69199 56262 67829 74735 13883 38899 79740 12088 11981 44241 53564 8920 52957 
6784 15
833 80608 38307 99608 27531 58410 95906 77967 79743 89456 39478 29890 99816 24017 38878 
145 13
91336 2947 42861 34266 10017 28599 8761 17792 43739 83509 18171 11501 17911 
6592 12
7872 18928 29885 92036 73174 75727 44630 24425 14848 66331 56204 50263 
5126 17
10622 87771 5023 60540 62042 70489 77224 62396 5647 16051 1500 38035 50923 53841 6329 93153 1274 
9824 10
98422 57414 23036 65308 43651 16142 66959 15896 90862 98153 
3976 17
11130 87660 69668 23703 51508 22180 29826 92016 87054 70002 27683 1344 58400 48434 99049 77997 8799 
4837 13
9278 48074 57585 85161 34116 55352 16708 33337 3794 64855 6563 62271 95025 
4538 12
23527 17896 51086 27844 53443 36064 73866 47275 50445 701 7630 60603 
2593 14
89210 58783 79044 57482 50565 400 30202 95838 85202 9711 64211 24237 71064 6263 
8144 17
1608 51111 9048 74731 34381 92412 10704 81673 45055 74098 93225 77129 24789 3007 17091 10799 65795 
2542 14
1681 94377 33864 10328 38489 36827 1240 73401 37796 36220 7706 95297 28379 10824 
969 15
11375 16352 3560 94144 29407 6800 51351 77890 36205 64681 38137 24281 90538 7644 4938 
3945 17
39912 39813 47552 74858 1032 524 58959 90066 770 69146 20063 23559 44788 38822 40798 78486 63821 
8943 18
51473 12941 76579 15976 60021 15655 55623 48966 94929 26257 82161 41396 97583 56702 21746 18834 27476 32371 
4988 19
16906 38009 49700 51197 11200 28523 11922 45614 5799 61986 30035 29791 50618 35058 20568 93955 64253 65045 65671 
3009 18
97610 28559 99889 91799 1533 43759 77471 5707 30035 74660 56126 19671 64759 35683 5656 34543 59913 50604 
5630 14
15318 9807 76596 69505 32621 41158 71499 81208 42676 3638 20951 41045 14840 6924 
5568 14
11989 65855 66563 40116 15721 70548 22644 72568 11333 86322 83113 17432 45053 67294 
6973 19
23983 77403 46445 12060 95609 53502 6542 81117 46200 37169 7409 77705 3243 27754 15418 39018 87416 90005 29035 
3863 11
63139 94439 16172 90887 62399 79396 66112 99944 81534 4454 12835 
3134 20
34939 78031 35068 85767 57795 66699 51206 85527 76660 34373 24736 76719 79014 48041 56152 55714 49408 67351 57609 96407 
2289 16
6301 88669 81894 72860 91682 82043 13474 54643 94761 53198 74449 31475 46784 99212 92849 82760 
1105 20
45742 24010 22222 75455 10472 81432 97524 2883 35276 45712 46187 22025 82336 90457 89740 94034 63454 58548 47258 78451 
5909 15
96892 62980 2947 1626 36752 80635 71942 5869 36216 57184 40337 17757 67247 37800 50051 
7362 19
11412 30868 57617 33847 21542 98195 3232 90788 7678 18756 69386 57354 20268 41627 19352 65453 37403 25474 44863 
1142 11
35688 69884 88186 63048 28156 28631 28894 71466 97972 54623 56941 
7269 11
2592 14794 2588 26498 92403 56328 92303 68716 41458 85892 20718 
2587 19
89530 59099 87346 97852 40473 8286 88240 19186 5097 99422 19530 95181 43071 35217 17487 30053 66321 8813 79947 
185 20
23886 42303 51679 31531 18316 34603 20578 8286 54999 66884 23743 92716 8393 59268 22544 1773 23847 68514 1563 25879 
2426 16
62386 46011 29891 79815 47956 20121 83455 80268 32695 26876 57164 41980 15831 51424 36818 6297 
7843 20
20265 17796 13585 31208 40070 5667 9698 99266 45791 15016 3970 75591 40884 44404 31352 74467 42817 77573 38684 9526 
1428 19
93846 86181 61667 94906 48620 89187 68625 24353 19174 29116 96522 20040 28211 11065 61659 16987 27125 42416 31269 
477 18
36015 19350 44830 7025 54158 55625 21232 31993 65221 26477 62672 98222 46898 41537 37490 80221 9335 91306 
2420 16
54207 60394 26002 36363 8959 43244 2065 77362 83141 12151 36974 947 25735 514 23039 19240 
4392 13
74791 57304 63739 41737 37100 68299 35649 56035 52420 25880 35617 21018 23909 
3735 12
49868 13805 98088 29324 83762 91850 19841 54890 38820 49912 11263 7565 
4012 14
13418 97698 20037 64712 92324 15661 85295 71701 2635 20903 75873 94995 56431 55706 
5034 19
84833 65301 5595 50691 40859 42853 11293 64301 98359 63812 90296 83574 41607 93842 97492 66098 47955 76102 47622 
2913 10
63383 51552 23147 97688 42260 41935 30172 24393 23657 11849 
8768 15
42063 30891 7890 97388 95404 7226 76175 99595 40159 58889 19506 45418 63590 85447 52684 
2755 17
54714 68545 18387 67547 93944 68265 75500 40895 58188 63386 42801 43809 98174 84336 16623 84654 2742 
2448 14
10039 23329 67291 80727 86822 77014 85701 79300 68697 30471 23791 35419 52136 50585 
7887 18
5873 31212 32807 47988 29493 65505 2103 85941 93680 98616 76911 38533 69338 30759 81902 76737 30123 58093 
2004 20
54809 83519 15913 85088 39549 46185 40756 56985 71301 4856 69728 43945 55372 17201 50973 67926 40864 95003 81855 28476 
990 19
17460 56924 58740 70926 39279 74585 60507 46974 10389 98623 19918 51321 60524 59313 38133 7976 40630 97957 97181 
2396 10
16990 39860 10328 15301 53256 45033 65472 75037 16423 24184 
7133 13
40098 91356 9296 63144 75087 80003 33944 49379 66003 15493 15162 46713 89169 
4446 16
95248 9873 89526 99524 84293 14361 74197 42314 15936 42226 48991 16502 764 48629 39755 40363 
7876 12
50518 77693 56876 22740 10082 24019 68890 83809 57316 17956 78454 73681 
3588 20
58438 8582 60825 33852 81107 41284 92980 5313 95520 32088 8768 91430 82184 12631 31582 35358 80458 81636 79832 21233 
9345 12
77424 72777 12103 64601 86483 69778 63499 48501 98084 4515 80380 75371 
1986 11
21669 80941 61498 14336 60361 37388 70053 30266 40004 13622 44394 
2303 14
43320 93759 25377 58330 39150 96352 48992 4646 36755 22170 79109 3471 38347 95561 
7710 18
72669 64072 98233 47736 94695 9362 30566 82893 34907 69309 97997 4727 76305 18307 43790 35541 80944 58092 
2982 15
85185 86581 38333 96767 30956 14736 41587 50596 79938 96010 60418 9794 67342 99235 71125 
4024 19
85138 7872 61395 25713 67415 62073 97843 56000 74750 47185 88984 40333 56147 96867 71537 67597 74278 70994 71113 
2001 19
97389 89326 81091 98032 58777 57789 46264 64670 20140 89445 4772 15296 4098 92673 87117 37198 49311 41887 62290 
4419 16
7974 69748 87742 90526 6448 75666 4977 29822 27996 76124 59494 6557 60288 23924 17409 6598 
4683 16
49002 62452 21394 24724 35695 93348 88973 4400 48274 30037 41177 79882 97246 49822 71382 16911 
9940 11
94771 97044 23236 60627 76876 25367 95477 93630 84009 67245 34202 
6722 15
42080 69262 49445 24305 38841 80398 46207 6310 30587 19906 96138 53849 21957 80569 14068 
6978 14
53273 34576 56586 70434 347 40481 16270 24863 81442 44275 53339 12863 66996 17058 
80 17
5458 95825 46553 80494 17457 46439 81956 92650 67483 96007 37356 13772 22662 12030 37071 94117 96285 
6343 10
84505 94160 46864 73964 73914 13754 96975 1179 53687 34845 
8077 10
18322 90338 73438 49099 550 30705 64675 37071 47031 60222 
7160 10
22351 52041 10599 98560 34259 2966 77358 23802 47715 98047 
5757 10
98236 13486 93922 86566 87720 75406 57198 38249 85173 32976 
5448 14
75511 34312 77378 8400 85640 38164 70394 59195 79973 16013 83643 26090 69233 95751 
6700 18
20001 58255 8858 75605 6836 37540 65625 56261 89962 86924 11380 7419 19502 90696 14219 64347 98647 52307 
6670 14
28080 22441 23424 61304 93926 58112 93558 42836 3741 48496 5932 85491 32372 44840 
9448 14
55935 5051 4943 9443 36953 48465 85402 43306 78274 46176 95692 65335 37353 92009 
2993 16
38841 16873 20003 18629 34619 38961 8948 41892 91384 1702 71165 94765 12777 73177 87763 56009 
4807 10
86516 23050 26933 33879 58409 45907 82663 7346 94077 95117 
800 17
43812 36925 23873 45393 39020 89401 55340 58380 42022 230 31824 25271 16601 80066 67823 95231 95710 
9242 19
49420 21470 74072 37102 78355 1941 54825 37862 89260 26479 52262 31590 10725 86748 42919 6430 33400 29313 3638 
9181 14
16108 20679 11778 30024 35582 14793 46279 41752 64657 70412 17902 53036 58195 94018 
5128 12
61389 28189 30577 96345 41051 68952 99214 731 64248 44310 41771 84855 
4139 19
37278 15677 4532 29502 99384 98735 54109 56378 66706 30583 22546 17427 31160 31040 81556 58217 49140 42697 88407 
930 20
15374 77709 50122 98123 69882 32075 60154 30940 68671 24536 24066 64593 64149 69252 62830 8878 55988 31670 68975 76659 
6544 10
43666 58438 69844 46923 57478 41247 8945 8670 84526 99586 
9611 10
5396 40142 27951 96531 85543 4095 6075 51094 43793 79668 
9712 15
74180 18452 42401 62251 43143 97276 98188 67847 40609 9043 32420 94479 753 32151 80261 
5424 14
86821 58046 42200 86577 49064 18223 81383 73218 94041 29789 64329 23161 19173 43517 
9663 13
46601 58710 23532 6858 32752 5190 28336 33696 47936 66331 79944 88994 3518 
148 20
74244 73136 87691 38119 1799 80395 54912 62178 20919 58781 19015 78251 39506 48041 27152 29002 31811 24662 36932 95553 
2797 12
37240 37233 38119 41192 2146 82727 53482 9802 47569 17778 60279 50495 
